Date	cenmrs1	cenmrs13	cenmrs14	cenmrs2	cenmrs3	cenpzb44000
1992-01	146913	164083	130605	113435	33478	241994
1992-02	147270	164260	130443	113453	33817	243495
1992-03	146831	163747	130411	113495	33336	244473
1992-04	148082	164759	130983	114306	33776	248034
1992-05	149015	165617	131260	114658	34357	248444
1992-06	149821	166098	131317	115040	34781	250583
1992-07	150809	167305	132106	115610	35199	255717
1992-08	151064	167797	133212	116479	34585	254216
1992-09	152595	169407	133517	116705	35890	254813
1992-10	153577	170681	134709	117605	35972	255150
1992-11	153605	171025	135097	117677	35928	256543
1992-12	155504	172995	136723	119232	36272	260276
1993-01	157525	175078	137457	119904	37621	261988
1993-02	156292	173770	137047	119569	36723	264827
1993-03	154774	172328	136373	118819	35955	268098
1993-04	158996	176766	138245	120475	38521	268447
1993-05	160624	178445	139439	121618	39006	269198
1993-06	160171	178201	139309	121279	38892	270109
1993-07	162832	180759	140469	122542	40290	271312
1993-08	162491	180692	140188	121987	40504	270442
1993-09	163285	181800	141597	123082	40203	272222
1993-10	164711	182910	142053	123854	40857	273590
1993-11	166593	184746	142669	124516	42077	276082
1993-12	168101	186339	143543	125305	42796	278444
1994-01	167504	185128	142468	124844	42660	277390
1994-02	169652	188077	144392	125967	43685	279427
1994-03	172775	191588	147113	128300	44475	280350
1994-04	173099	191632	146560	128027	45072	281782
1994-05	172340	190940	146842	128242	44098	286929
1994-06	174307	193196	148655	129766	44541	291429
1994-07	174801	193763	149286	130324	44477	291341
1994-08	177289	196157	150925	132057	45232	296404
1994-09	178776	197754	151440	132462	46314	300137
1994-10	180569	199579	152538	133528	47041	300421
1994-11	180695	199723	152520	133492	47203	302326
1994-12	181492	200670	153729	134551	46941	304519
1995-01	182423	201583	154359	135199	47224	308212
1995-02	179472	198383	152481	133570	45902	310420
1995-03	180996	200230	153549	134315	46681	313054
1995-04	181702	201048	153992	134646	47056	315706
1995-05	183543	202993	155275	135825	47718	317615
1995-06	186088	205507	155855	136436	49652	318295
1995-07	185470	204959	156127	136638	48832	317479
1995-08	186814	206529	156781	137066	49748	320047
1995-09	187338	206978	157790	138150	49188	320176
1995-10	186546	206157	156886	137275	49271	322485
1995-11	189052	208661	158798	139189	49863	325232
1995-12	190809	210434	160271	140646	50163	322216
1996-01	189167	208731	158382	138818	50349	323208
1996-02	192269	212011	159723	139981	52288	323902
1996-03	193993	213855	161507	141645	52348	321461
1996-04	194712	214644	163113	143181	51531	321985
1996-05	196210	216304	164104	144010	52200	324459
1996-06	196127	216059	164261	144329	51798	324832
1996-07	196229	216374	164370	144225	52004	328686
1996-08	196215	216355	164883	144743	51472	330765
1996-09	198843	219240	166056	145659	53184	331631
1996-10	200488	221039	167589	147038	53450	333950
1996-11	200200	220989	168279	147490	52710	333002
1996-12	201191	221898	169063	148356	52835	333255
1997-01	202414	223524	169514	148404	54010	332813
1997-02	204273	225409	170808	149672	54601	335202
1997-03	204965	226136	171903	150732	54233	333460
1997-04	203372	224588	170727	149511	53861	335234
1997-05	201676	222906	170715	149485	52191	336473
1997-06	204666	226048	171982	150600	54066	337917
1997-07	207049	228738	173483	151794	55255	339987
1997-08	207643	229317	173829	152155	55488	338708
1997-09	208298	230284	174950	152964	55334	341725
1997-10	208064	229822	174966	153208	54856	342207
1997-11	208982	230486	175172	153668	55314	342205
1997-12	209379	231197	175434	153616	55763	343824
1998-01	209684	231605	176111	154190	55494	344016
1998-02	209532	231664	176823	154691	54841	345819
1998-03	210792	233043	176908	154657	56135	348268
1998-04	213623	235976	178512	156159	57464	349425
1998-05	214619	237055	179173	156737	57882	346020
1998-06	216324	238958	179694	157060	59264	346376
1998-07	214853	237423	181103	158533	56320	347855
1998-08	213669	236412	181415	158672	54997	348030
1998-09	215712	238542	181346	158516	57196	351177
1998-10	219465	242531	183237	160171	59294	351770
1998-11	221150	244307	184490	161333	59817	354584
1998-12	223226	246577	186104	162753	60473	356515
1999-01	224020	246891	186356	163485	60535	357884
1999-02	226240	249510	188250	164980	61260	360905
1999-03	227407	250657	189016	165766	61641	365354
1999-04	228978	252418	190268	166828	62150	368214
1999-05	231238	254738	191527	168027	63211	369003
1999-06	231926	255472	192020	168474	63452	372082
1999-07	233933	257441	192932	169424	64509	372358
1999-08	236589	260253	194540	170876	65713	373292
1999-09	237516	261352	196202	172366	65150	375298
1999-10	237560	261825	197306	173041	64519	374742
1999-11	240462	264883	198614	174193	66269	379726
1999-12	245498	269876	203967	179589	65909	384074
2000-01	243483	268091	200412	175804	67679	383730
2000-02	247139	272026	202941	178054	69085	385351
2000-03	249847	275214	206781	181414	68433	386677
2000-04	245783	270998	205186	179971	65812	388075
2000-05	246225	271418	205637	180444	65781	392481
2000-06	248178	273440	206802	181540	66638	396770
2000-07	247184	272638	207433	181979	65205	395510
2000-08	247612	272954	207643	182301	65311	400657
2000-09	251812	277523	210673	184962	66850	400343
2000-10	251267	276973	210765	185059	66208	402916
2000-11	250230	275928	211283	185585	64645	405459
2000-12	250594	275727	212203	187070	63524	405928
2001-01	252731	278911	212985	186805	65926	406100
2001-02	252730	278799	212611	186542	66188	404238
2001-03	250351	276473	210802	184680	65671	403703
2001-04	254753	280798	213865	187820	66933	403678
2001-05	255268	281546	214507	188229	67039	404591
2001-06	254014	280393	213683	187304	66710	403504
2001-07	253015	279522	213455	186948	66067	404479
2001-08	254570	281423	215073	188220	66350	408083
2001-09	249856	276095	212166	185927	63929	407555
2001-10	268072	294613	214158	187617	80455	396240
2001-11	260363	286960	214547	187950	72413	392912
2001-12	256548	283704	215484	188328	68220	393637
2002-01	256382	283583	215918	188717	67665	396009
2002-02	257677	285061	216893	189509	68168	398040
2002-03	257054	284257	217687	190484	66570	396147
2002-04	261327	288827	220576	193076	68251	396325
2002-05	257609	284987	219925	192547	65062	400935
2002-06	259815	287401	220047	192461	67354	401530
2002-07	262811	290427	220483	192867	69944	405271
2002-08	264986	292593	220389	192782	72204	404653
2002-09	260644	288428	220362	192578	68066	409768
2002-10	262023	289646	222093	194470	67553	412106
2002-11	263559	291475	223544	195628	67931	413764
2002-12	265795	293812	224018	196001	69794	415018
2003-01	267284	295302	225629	197611	69673	417668
2003-02	263209	291188	224653	196674	66535	421711
2003-03	267847	296352	227724	199219	68628	423212
2003-04	267253	295656	226076	197673	69580	423746
2003-05	267363	296411	226751	197703	69660	422470
2003-06	270449	299679	229354	200124	70325	422941
2003-07	273426	302821	231772	202377	71049	423615
2003-08	277924	307768	234849	205005	72919	418833
2003-09	276444	305947	234763	205260	71184	424274
2003-10	274812	304857	235040	204995	69817	427662
2003-11	278358	308587	236849	206620	71738	430143
2003-12	277589	307384	237281	207486	70103	431201
2004-01	278925	309266	239996	209655	69270	432352
2004-02	280983	311444	240351	209890	71093	435748
2004-03	286269	316972	244835	214132	72137	440772
2004-04	283009	313569	243609	213049	69960	445692
2004-05	288290	319002	246181	215469	72821	446735
2004-06	284192	315017	246026	215201	68991	451840
2004-07	287396	318587	247349	216158	71238	454076
2004-08	287961	318997	247632	216596	71365	457296
2004-09	293238	324668	249939	218509	74729	456464
2004-10	295101	326726	252868	221243	73858	455471
2004-11	296233	327892	254485	222826	73407	459389
2004-12	299791	331902	256515	224404	75387	460364
2005-01	297799	329799	256916	224916	72883	461087
2005-02	300335	332804	259180	226711	73624	463102
2005-03	300304	332419	259081	226966	73338	464910
2005-04	305040	337992	263547	230595	74445	465011
2005-05	302011	334757	261538	228792	73219	466473
2005-06	309800	342841	264627	231586	78214	463195
2005-07	314312	347368	265185	232129	82183	452937
2005-08	309589	342818	269327	236098	73491	455559
2005-09	310103	343419	272870	239554	70549	460404
2005-10	311079	344697	276142	242524	68555	462032
2005-11	313518	347504	274300	240314	73204	466907
2005-12	313732	347730	274188	240190	73542	471514
2006-01	322831	357814	280808	245825	77006	474269
2006-02	319960	354495	280685	246150	73810	473220
2006-03	321342	356172	281529	246699	74643	479345
2006-04	323299	358092	282997	248204	75095	476969
2006-05	321363	356240	282638	247761	73602	484792
2006-06	322851	357580	282476	247747	75104	488843
2006-07	325373	360175	283466	248664	76709	485779
2006-08	325284	360651	285736	250369	74915	487418
2006-09	323202	358891	284011	248322	74880	485976
2006-10	323018	358802	283505	247721	75297	485334
2006-11	323659	359543	283565	247681	75978	484206
2006-12	327999	365061	289097	252035	75964	486218
2007-01	327037	363393	288138	251782	75255	487581
2007-02	328132	364185	288496	252443	75689	489222
2007-03	331131	367745	292105	255491	75640	486865
2007-04	329476	366067	290397	253806	75670	488587
2007-05	334291	371023	294249	257517	76774	492509
2007-06	331608	368650	293445	256403	75205	495557
2007-07	332889	370161	295040	257768	75121	496703
2007-08	334064	371253	294762	257573	76491	499518
2007-09	337169	374596	296444	259017	78152	498932
2007-10	337346	375105	297916	260157	77189	499907
2007-11	340563	378172	302808	265199	75364	499481
2007-12	337319	375731	302087	263675	73644	500034
2008-01	337913	375736	302068	264245	73668	502378
2008-02	334959	372211	300159	262907	72052	502405
2008-03	335339	372677	301069	263731	71608	497424
2008-04	336921	374766	304272	266427	70494	498567
2008-05	338102	376189	307139	269052	69050	497388
2008-06	339542	377677	310275	272140	67402	496497
2008-07	337715	375974	311381	273122	64593	500738
2008-08	335641	373866	308140	269915	65726	495593
2008-09	328719	367045	304831	266505	62214	495203
2008-10	315781	353910	297279	259150	56631	494295
2008-11	303370	341433	285935	247872	55498	484856
2008-12	294894	332902	278937	240929	53965	477444
2009-01	299643	337819	281913	243737	55906	468727
2009-02	299050	336960	282677	244767	54283	463001
2009-03	293950	331405	278132	240677	53273	457535
2009-04	294723	332395	278902	241230	53493	452199
2009-05	298407	336089	281417	243735	54672	444019
2009-06	302784	340420	284071	246435	56349	439253
2009-07	304210	341937	283723	245996	58214	434443
2009-08	311238	348823	285911	248326	62912	422929
2009-09	302645	340103	286269	248811	53834	425579
2009-10	305423	342865	286386	248944	56479	428150
2009-11	308706	346477	288900	251129	57577	428262
2009-12	310030	347748	290814	253096	56934	429287
2010-01	310791	348415	290937	253313	57478	429656
2010-02	310184	348453	292519	254250	55934	431080
2010-03	317644	356026	295048	256666	60978	433611
2010-04	319587	358169	296609	258027	61560	435345
2010-05	317540	356189	294165	255516	62024	435702
2010-06	316946	355760	294142	255328	61618	440585
2010-07	317342	356308	293325	254359	62983	444748
2010-08	319389	358749	296068	256708	62681	448625
2010-09	322140	361516	297951	258575	63565	453323
2010-10	327230	366675	301088	261643	65587	452350
2010-11	329288	368877	303444	263855	65433	452905
2010-12	331768	371303	305609	266074	65694	455295
2011-01	334722	374280	307230	267672	67050	456213
2011-02	336738	377071	309291	268958	67780	453918
2011-03	339976	380543	312661	272094	67882	458877
2011-04	342006	382397	314965	274574	67432	459306
2011-05	341697	382666	316522	275553	66144	460808
2011-06	343872	385357	318344	276859	67013	461776
2011-07	344918	386295	318555	277178	67740	461032
2011-08	344723	386329	320249	278643	66080	465931
2011-09	347663	389662	320681	278682	68981	467454
2011-10	351796	394047	323541	281290	70506	467616
2011-11	352761	394965	324102	281898	70863	470650
2011-12	351807	393874	322007	279940	71867	471683
2012-01	354950	397866	326073	283157	71793	476837
2012-02	359612	402736	329497	286373	73239	479395
2012-03	361087	404246	330965	287806	73281	481335
2012-04	359494	402931	329521	286084	73410	485157
2012-05	359241	402726	328728	285243	73998	490258
2012-06	355226	398777	325703	282152	73074	493988
2012-07	357428	401097	327565	283896	73532	499543
2012-08	362407	406141	331365	287631	74776	501565
2012-09	366648	410686	333862	289824	76824	503262
2012-10	366507	410386	335091	291212	75295	506150
2012-11	367836	412170	335320	290986	76850	.
2012-12	368813	413585	335352	290580	78233	.
2013-01	371652	416542	338172	293282	78370	.
2013-02	376100	420654	341061	296507	79593	.
2013-03	372333	416983	338538	293888	78445	.
2013-04	372251	417151	337794	292894	79357	.
2013-05	374961	419491	338963	294433	80528	.
2013-06	377424	421678	339056	294802	82622	.
2013-07	379684	424202	341519	297001	82683	.
2013-08	379279	423917	340923	296285	82994	.
2013-09	378837	423776	341986	297047	81790	.
2013-10	380842	426522	343524	297844	82998	.
2013-11	381812	428205	343102	296709	85103	.
2013-12	381890	427827	344276	298339	83551	.
2014-01	378397	423937	342489	296949	81448	.
2014-02	381632	427554	343955	298033	83599	.
2014-03	387310	434018	347168	300460	86850	.
2014-04	390146	436730	349225	302641	87505	.
2014-05	391519	438605	350497	303411	88108	.
2014-06	392456	439641	351825	304640	87816	.
2014-07	392521	439802	352162	304881	87640	.
