Date	lns11000000	lns12000000	lns12300000	lns13000000	lns14000000
1948-01	600950	580610	56.60	20340	3.40
1948-02	605240	581960	56.70	23280	3.80
1948-03	600700	576710	56.10	23990	4.00
1948-04	606770	582910	56.70	23860	3.90
1948-05	599720	578540	56.20	21180	3.50
1948-06	609570	587430	57.00	22140	3.60
1948-07	611810	589680	57.10	22130	3.60
1948-08	608060	584560	56.60	23500	3.90
1948-09	608150	585130	56.60	23020	3.80
1948-10	606460	583870	56.50	22590	3.70
1948-11	607020	584170	56.50	22850	3.80
1948-12	611690	587400	56.80	24290	4.00
1949-01	607710	581750	56.20	25960	4.30
1949-02	610570	582080	56.20	28490	4.70
1949-03	610730	580430	56.00	30300	5.00
1949-04	610070	577470	55.70	32600	5.30
1949-05	612590	575520	55.40	37070	6.10
1949-06	609480	571720	55.00	37760	6.20
1949-07	613010	571900	55.00	41110	6.70
1949-08	615900	573970	55.10	41930	6.80
1949-09	616330	575840	55.30	40490	6.60
1949-10	621850	572690	54.90	49160	7.90
1949-11	620050	580090	55.60	39960	6.40
1949-12	619080	578450	55.30	40630	6.60
1950-01	616610	576350	55.10	40260	6.50
1950-02	616870	577510	55.10	39360	6.40
1950-03	616040	577280	55.10	38760	6.30
1950-04	621580	585830	55.80	35750	5.80
1950-05	620830	586490	55.80	34340	5.50
1950-06	624190	590520	56.20	33670	5.40
1950-07	621210	590010	56.10	31200	5.00
1950-08	625960	597970	56.80	27990	4.50
1950-09	623490	595750	56.60	27740	4.40
1950-10	624280	598030	56.90	26250	4.20
1950-11	622860	596970	56.90	25890	4.20
1950-12	620680	594290	56.70	26390	4.30
1951-01	619410	596360	56.90	23050	3.70
1951-02	617780	596610	57.00	21170	3.40
1951-03	625260	604010	57.70	21250	3.40
1951-04	618080	598890	57.30	19190	3.10
1951-05	620440	601880	57.60	18560	3.00
1951-06	616150	596200	57.10	19950	3.20
1951-07	621060	601560	57.60	19500	3.10
1951-08	619270	599940	57.40	19330	3.10
1951-09	617800	597130	57.10	20670	3.30
1951-10	622040	600100	57.30	21940	3.50
1951-11	620140	598360	57.10	21780	3.50
1951-12	624570	604970	57.70	19600	3.10
1952-01	624320	604600	57.70	19720	3.20
1952-02	624190	604620	57.70	19570	3.10
1952-03	617210	599080	57.10	18130	2.90
1952-04	617200	599090	57.10	18110	2.90
1952-05	620580	601950	57.30	18630	3.00
1952-06	621030	602190	57.30	18840	3.00
1952-07	619620	599710	57.00	19910	3.20
1952-08	618770	597900	56.80	20870	3.40
1952-09	624570	605210	57.40	19360	3.10
1952-10	619710	601320	56.90	18390	3.00
1952-11	624910	607480	57.50	17430	2.80
1952-12	626210	609540	57.60	16670	2.70
1953-01	634390	616000	57.80	18390	2.90
1953-02	635200	618840	58.00	16360	2.60
1953-03	636570	620100	58.10	16470	2.60
1953-04	631670	614440	57.50	17230	2.70
1953-05	626150	610190	57.10	15960	2.50
1953-06	630630	614560	57.40	16070	2.50
1953-07	630570	613970	57.40	16600	2.60
1953-08	628160	611510	57.10	16650	2.70
1953-09	627270	609060	56.80	18210	2.90
1953-10	628670	608930	56.70	19740	3.10
1953-11	629490	607380	56.50	22110	3.50
1953-12	627950	599770	55.70	28180	4.50
1954-01	631010	600240	55.70	30770	4.90
1954-02	639940	606630	56.20	33310	5.20
1954-03	637930	601860	55.70	36070	5.70
1954-04	639340	601850	55.70	37490	5.90
1954-05	636750	599080	55.40	37670	5.90
1954-06	633430	597920	55.20	35510	5.60
1954-07	633020	596430	55.00	36590	5.80
1954-08	637070	598530	55.20	38540	6.00
1954-09	642090	602820	55.50	39270	6.10
1954-10	639360	602700	55.50	36660	5.70
1954-11	637590	603570	55.50	34020	5.30
1954-12	633120	601160	55.20	31960	5.00
1955-01	639100	607530	55.70	31570	4.90
1955-02	636960	607270	55.70	29690	4.70
1955-03	638820	609640	55.80	29180	4.60
1955-04	645640	615150	56.20	30490	4.70
1955-05	643810	616340	56.30	27470	4.30
1955-06	644820	617810	56.30	27010	4.20
1955-07	651450	625130	56.90	26320	4.00
1955-08	655810	627970	57.10	27840	4.20
1955-09	656280	629500	57.20	26780	4.10
1955-10	658210	629910	57.20	28300	4.30
1955-11	660370	632570	57.40	27800	4.20
1955-12	664450	636840	57.70	27610	4.20
1956-01	664190	637530	57.80	26660	4.00
1956-02	661240	635180	57.50	26060	3.90
1956-03	661750	634110	57.30	27640	4.20
1956-04	662640	636140	57.50	26500	4.00
1956-05	667220	638610	57.60	28610	4.30
1956-06	667020	638200	57.50	28820	4.30
1956-07	667520	638000	57.50	29520	4.40
1956-08	666730	639720	57.60	27010	4.10
1956-09	667140	640790	57.60	26350	3.90
1956-10	665460	639750	57.50	25710	3.90
1956-11	666570	637960	57.30	28610	4.30
1956-12	667000	639100	57.30	27900	4.20
1957-01	664280	636320	57.00	27960	4.20
1957-02	668790	642570	57.50	26220	3.90
1957-03	669130	644040	57.60	25090	3.70
1957-04	666470	640470	57.20	26000	3.90
1957-05	666950	639850	57.10	27100	4.10
1957-06	670520	641960	57.20	28560	4.30
1957-07	673360	645400	57.50	27960	4.20
1957-08	667060	639590	56.90	27470	4.10
1957-09	670640	641210	57.00	29430	4.40
1957-10	670660	640460	56.80	30200	4.50
1957-11	671230	636690	56.40	34540	5.10
1957-12	673980	639220	56.60	34760	5.20
1958-01	670950	632200	55.90	38750	5.80
1958-02	672010	628980	55.50	43030	6.40
1958-03	672230	627310	55.30	44920	6.70
1958-04	676470	626310	55.20	50160	7.40
1958-05	678950	628740	55.40	50210	7.40
1958-06	676740	627300	55.20	49440	7.30
1958-07	678240	627450	55.20	50790	7.50
1958-08	680370	630120	55.40	50250	7.40
1958-09	680020	631810	55.40	48210	7.10
1958-10	680450	634750	55.60	45700	6.70
1958-11	676580	634700	55.50	41880	6.20
1958-12	677400	635490	55.50	41910	6.20
1959-01	679360	638680	55.70	40680	6.00
1959-02	676490	636840	55.50	39650	5.90
1959-03	680680	642670	56.00	38010	5.60
1959-04	683390	647680	56.30	35710	5.20
1959-05	681780	646990	56.20	34790	5.10
1959-06	682780	648490	56.30	34290	5.00
1959-07	685390	650110	56.30	35280	5.10
1959-08	684320	648440	56.10	35880	5.20
1959-09	685450	647700	56.00	37750	5.50
1959-10	688210	649110	56.10	39100	5.70
1959-11	685330	645300	55.70	40030	5.80
1959-12	689940	653410	56.30	36530	5.30
1960-01	689620	653470	56.00	36150	5.20
1960-02	689490	656200	56.20	33290	4.80
1960-03	683990	646730	55.40	37260	5.40
1960-04	695790	659590	56.40	36200	5.20
1960-05	696260	660570	56.40	35690	5.10
1960-06	699340	661680	56.50	37660	5.40
1960-07	697450	659090	56.20	38360	5.50
1960-08	698410	658950	56.10	39460	5.60
1960-09	701510	662670	56.40	38840	5.50
1960-10	698840	656320	55.80	42520	6.10
1960-11	704390	661090	56.10	43300	6.10
1960-12	703950	657780	55.70	46170	6.60
1961-01	704470	657760	55.70	46710	6.60
1961-02	704200	655880	55.50	48320	6.90
1961-03	707030	658500	55.60	48530	6.90
1961-04	702670	653740	55.20	48930	7.00
1961-05	704520	654490	55.20	50030	7.10
1961-06	708780	659930	55.60	48850	6.90
1961-07	705360	656080	55.20	49280	7.00
1961-08	705340	658520	55.30	46820	6.60
1961-09	702170	655410	55.00	46760	6.70
1961-10	704920	659190	55.30	45730	6.50
1961-11	703760	660810	55.50	42950	6.10
1961-12	700770	659000	55.30	41770	6.00
1962-01	701890	661080	55.40	40810	5.80
1962-02	704090	665380	55.70	38710	5.50
1962-03	704140	664930	55.70	39210	5.60
1962-04	702780	663720	55.40	39060	5.60
1962-05	705510	666880	55.70	38630	5.50
1962-06	705140	666700	55.60	38440	5.50
1962-07	703020	664830	55.30	38190	5.40
1962-08	709810	669680	55.70	40130	5.70
1962-09	711530	671920	55.70	39610	5.60
1962-10	709170	671140	55.50	38030	5.40
1962-11	708710	668470	55.20	40240	5.70
1962-12	708540	669470	55.20	39070	5.50
1963-01	711460	670720	55.20	40740	5.70
1963-02	712620	670240	55.10	42380	5.90
1963-03	714230	673510	55.30	40720	5.70
1963-04	716970	676420	55.50	40550	5.70
1963-05	718320	676150	55.30	42170	5.90
1963-06	716260	676490	55.30	39770	5.60
1963-07	719560	679050	55.40	40510	5.60
1963-08	717860	679080	55.40	38780	5.40
1963-09	721310	681740	55.50	39570	5.50
1963-10	722810	682940	55.50	39870	5.50
1963-11	724180	682670	55.40	41510	5.70
1963-12	721880	682130	55.30	39750	5.50
1964-01	723560	683270	55.30	40290	5.60
1964-02	726830	687510	55.60	39320	5.40
1964-03	727130	687630	55.50	39500	5.40
1964-04	732740	693560	55.90	39180	5.30
1964-05	733950	696310	56.10	37640	5.10
1964-06	730320	692180	55.60	38140	5.20
1964-07	730070	693990	55.70	36080	4.90
1964-08	731180	694630	55.70	36550	5.00
1964-09	732900	695780	55.70	37120	5.10
1964-10	733080	695820	55.60	37260	5.10
1964-11	732860	697350	55.70	35510	4.80
1964-12	734650	698140	55.60	36510	5.00
1965-01	735690	699970	55.70	35720	4.90
1965-02	738570	701270	55.70	37300	5.10
1965-03	739490	704390	55.90	35100	4.70
1965-04	742280	706330	56.00	35950	4.80
1965-05	744660	710340	56.20	34320	4.60
1965-06	744120	710250	56.10	33870	4.60
1965-07	747610	714600	56.50	33010	4.40
1965-08	746160	713620	56.30	32540	4.40
1965-09	745020	712860	56.20	32160	4.30
1965-10	748380	716950	56.40	31430	4.20
1965-11	747970	717240	56.40	30730	4.10
1965-12	750930	720620	56.60	30310	4.00
1966-01	751860	721980	56.70	29880	4.00
1966-02	749540	721340	56.60	28200	3.80
1966-03	750750	721880	56.60	28870	3.80
1966-04	753380	725100	56.80	28280	3.80
1966-05	754470	724970	56.70	29500	3.90
1966-06	756470	727750	56.90	28720	3.80
1966-07	757360	728600	56.90	28760	3.80
1966-08	760460	731460	57.00	29000	3.80
1966-09	760560	732580	57.10	27980	3.70
1966-10	761990	734010	57.10	27980	3.70
1966-11	766100	738400	57.40	27700	3.60
1966-12	766410	737290	57.30	29120	3.80
1967-01	766390	736710	57.10	29680	3.90
1967-02	765210	736060	57.00	29150	3.80
1967-03	763280	734390	56.80	28890	3.80
1967-04	767770	738820	57.10	28950	3.80
1967-05	767730	738440	57.00	29290	3.80
1967-06	772700	742780	57.30	29920	3.90
1967-07	774640	745200	57.40	29440	3.80
1967-08	777120	747670	57.40	29450	3.80
1967-09	778120	748540	57.40	29580	3.80
1967-10	781940	750510	57.50	31430	4.00
1967-11	781910	751250	57.50	30660	3.90
1967-12	784910	754730	57.60	30180	3.80
1968-01	775780	747000	57.00	28780	3.70
1968-02	782300	752290	57.30	30010	3.80
1968-03	782560	753790	57.40	28770	3.70
1968-04	782700	755610	57.40	27090	3.50
1968-05	788470	761070	57.80	27400	3.50
1968-06	791200	761820	57.80	29380	3.70
1968-07	789700	760870	57.60	28830	3.70
1968-08	788110	760430	57.50	27680	3.50
1968-09	788580	761720	57.50	26860	3.40
1968-10	789130	762240	57.50	26890	3.40
1968-11	792090	764940	57.60	27150	3.40
1968-12	794630	767780	57.70	26850	3.40
1969-01	795230	768050	57.60	27180	3.40
1969-02	800190	773270	57.90	26920	3.40
1969-03	800790	773670	57.90	27120	3.40
1969-04	802810	775230	57.90	27580	3.40
1969-05	801250	774120	57.80	27130	3.40
1969-06	806960	778800	58.00	28160	3.50
1969-07	808270	779590	58.00	28680	3.50
1969-08	811060	782500	58.10	28560	3.50
1969-09	812900	782500	58.10	30400	3.70
1969-10	814940	784450	58.10	30490	3.70
1969-11	813970	785410	58.10	28560	3.50
1969-12	816240	787400	58.10	28840	3.50
1970-01	819810	787800	58.00	32010	3.90
1970-02	821510	786980	57.90	34530	4.20
1970-03	824980	788630	57.90	36350	4.40
1970-04	827270	789300	57.90	37970	4.60
1970-05	824830	785640	57.50	39190	4.80
1970-06	824840	784130	57.30	40710	4.90
1970-07	829010	787260	57.40	41750	5.00
1970-08	828800	786240	57.20	42560	5.10
1970-09	829540	784980	57.00	44560	5.40
1970-10	832760	786850	57.00	45910	5.50
1970-11	835480	786500	56.90	48980	5.90
1970-12	836700	785940	56.70	50760	6.10
1971-01	838500	788640	56.80	49860	5.90
1971-02	836030	787000	56.60	49030	5.90
1971-03	835750	785880	56.40	49870	6.00
1971-04	839460	789870	56.60	49590	5.90
1971-05	841350	791390	56.60	49960	5.90
1971-06	837060	787570	56.20	49490	5.90
1971-07	843400	793050	56.50	50350	6.00
1971-08	846730	795390	56.60	51340	6.10
1971-09	847310	796890	56.60	50420	6.00
1971-10	848720	799180	56.60	49540	5.80
1971-11	854580	802970	56.80	51610	6.00
1971-12	856250	804710	56.80	51540	6.00
1972-01	859780	809590	56.70	50190	5.80
1972-02	860360	811080	56.70	49280	5.70
1972-03	866110	815730	56.90	50380	5.80
1972-04	866140	816550	56.90	49590	5.70
1972-05	868090	818870	57.00	49220	5.70
1972-06	870060	820830	57.00	49230	5.70
1972-07	871430	822300	57.00	49130	5.60
1972-08	875170	825780	57.10	49390	5.60
1972-09	873920	825430	57.00	48490	5.50
1972-10	874910	826160	57.00	48750	5.60
1972-11	875920	829900	57.20	46020	5.30
1972-12	879430	834000	57.30	45430	5.20
1973-01	874870	831610	57.10	43260	4.90
1973-02	883640	839120	57.50	44520	5.00
1973-03	888460	844520	57.80	43940	4.90
1973-04	890180	845590	57.70	44590	5.00
1973-05	889770	846480	57.70	43290	4.90
1973-06	895480	851850	58.00	43630	4.90
1973-07	896040	852990	57.90	43050	4.80
1973-08	895090	852040	57.80	43050	4.80
1973-09	898380	854880	57.90	43500	4.80
1973-10	901310	859870	58.10	41440	4.60
1973-11	907160	863200	58.20	43960	4.80
1973-12	908900	864010	58.20	44890	4.90
1974-01	911990	865550	58.20	46440	5.10
1974-02	914850	867540	58.20	47310	5.20
1974-03	914530	868190	58.20	46340	5.10
1974-04	912870	866690	58.00	46180	5.10
1974-05	915960	868910	58.00	47050	5.10
1974-06	918680	869410	58.00	49270	5.40
1974-07	922120	871490	58.00	50630	5.50
1974-08	920590	870370	57.80	50220	5.50
1974-09	924880	870510	57.70	54370	5.90
1974-10	925180	869950	57.60	55230	6.00
1974-11	927660	866260	57.30	61400	6.60
1974-12	927800	861440	56.90	66360	7.20
1975-01	931280	856270	56.40	75010	8.10
1975-02	927760	852560	56.10	75200	8.10
1975-03	931650	851870	56.00	79780	8.60
1975-04	933990	851890	55.90	82100	8.80
1975-05	938840	854510	56.00	84330	9.00
1975-06	935750	853550	55.80	82200	8.80
1975-07	940210	858940	56.00	81270	8.60
1975-08	941620	862340	56.10	79280	8.40
1975-09	942020	862790	56.10	79230	8.40
1975-10	942670	863700	56.10	78970	8.40
1975-11	942500	864560	56.00	77940	8.30
1975-12	944090	866650	56.10	77440	8.20
1976-01	949340	874000	56.40	75340	7.90
1976-02	949980	876720	56.50	73260	7.70
1976-03	952150	879850	56.70	72300	7.60
1976-04	957460	884160	56.80	73300	7.70
1976-05	958470	887940	57.00	70530	7.40
1976-06	958850	885630	56.80	73220	7.60
1976-07	965830	890930	57.00	74900	7.80
1976-08	967410	892230	57.00	75180	7.80
1976-09	965530	891730	56.90	73800	7.60
1976-10	967040	892740	56.90	74300	7.70
1976-11	972540	896340	57.00	76200	7.80
1976-12	973480	898030	57.00	75450	7.80
1977-01	972080	899280	57.00	72800	7.50
1977-02	977850	903420	57.20	74430	7.60
1977-03	981150	908080	57.40	73070	7.40
1977-04	983300	912710	57.60	70590	7.20
1977-05	986650	917540	57.80	69110	7.00
1977-06	990930	919590	57.90	71340	7.20
1977-07	989130	920840	57.80	68290	6.90
1977-08	993660	924410	58.00	69250	7.00
1977-09	994530	927020	58.10	67510	6.80
1977-10	998150	930520	58.20	67630	6.80
1977-11	1005760	937610	58.60	68150	6.80
1977-12	1004910	941050	58.70	63860	6.40
1978-01	1008730	943840	58.80	64890	6.40
1978-02	1008370	945190	58.80	63180	6.30
1978-03	1010920	947550	58.80	63370	6.30
1978-04	1015740	953940	59.20	61800	6.10
1978-05	1018960	957690	59.30	61270	6.00
1978-06	1023710	963430	59.50	60280	5.90
1978-07	1023990	960900	59.30	63090	6.20
1978-08	1025110	964310	59.40	60800	5.90
1978-09	1027950	966700	59.50	61250	6.00
1978-10	1030800	971330	59.70	59470	5.80
1978-11	1035620	974850	59.80	60770	5.90
1978-12	1038090	975810	59.80	62280	6.00
1979-01	1040570	979480	59.90	61090	5.90
1979-02	1045020	983290	60.10	61730	5.90
1979-03	1045890	984800	60.00	61090	5.80
1979-04	1041720	981030	59.80	60690	5.80
1979-05	1041710	983310	59.80	58400	5.60
1979-06	1046380	986790	59.90	59590	5.70
1979-07	1050020	990060	60.00	59960	5.70
1979-08	1050960	987760	59.80	63200	6.00
1979-09	1055300	993400	60.00	61900	5.90
1979-10	1057000	994040	59.90	62960	6.00
1979-11	1058120	995740	60.00	62380	5.90
1979-12	1062580	999330	60.10	63250	6.00
1980-01	1065620	998790	60.00	66830	6.30
1980-02	1066970	999950	60.00	67020	6.30
1980-03	1064420	997130	59.70	67290	6.30
1980-04	1065910	992330	59.40	73580	6.90
1980-05	1069290	989450	59.10	79840	7.50
1980-06	1067800	986820	58.90	80980	7.60
1980-07	1071590	987960	58.80	83630	7.80
1980-08	1071050	988240	58.80	82810	7.70
1980-09	1070980	990770	58.90	80210	7.50
1980-10	1074050	993170	58.90	80880	7.50
1980-11	1075680	995450	59.00	80230	7.50
1980-12	1073520	996340	59.00	77180	7.20
1981-01	1080260	999550	59.10	80710	7.50
1981-02	1082420	1001910	59.20	80510	7.40
1981-03	1085530	1005710	59.40	79820	7.40
1981-04	1089250	1010560	59.60	78690	7.20
1981-05	1092220	1010480	59.50	81740	7.50
1981-06	1083960	1002980	59.00	80980	7.50
1981-07	1085560	1006930	59.10	78630	7.20
1981-08	1087250	1006890	59.10	80360	7.40
1981-09	1082940	1000640	58.70	82300	7.60
1981-10	1090240	1003780	58.80	86460	7.90
1981-11	1092360	1002070	58.60	90290	8.30
1981-12	1089120	996450	58.20	92670	8.50
1982-01	1090890	996920	58.20	93970	8.60
1982-02	1094670	997620	58.20	97050	8.90
1982-03	1095670	996720	58.10	98950	9.00
1982-04	1098200	995760	57.90	102440	9.30
1982-05	1104510	1001160	58.20	103350	9.40
1982-06	1100810	995430	57.80	105380	9.60
1982-07	1103420	994930	57.70	108490	9.80
1982-08	1105140	996330	57.80	108810	9.80
1982-09	1107210	995040	57.60	112170	10.10
1982-10	1107440	992150	57.40	115290	10.40
1982-11	1110500	991120	57.30	119380	10.80
1982-12	1110830	990320	57.20	120510	10.80
1983-01	1106950	991610	57.20	115340	10.40
1983-02	1106340	990890	57.10	115450	10.40
1983-03	1105870	991790	57.10	114080	10.30
1983-04	1108280	995600	57.30	112680	10.20
1983-05	1107960	996420	57.30	111540	10.10
1983-06	1118790	1006330	57.80	112460	10.10
1983-07	1117560	1012080	58.10	105480	9.40
1983-08	1122310	1016080	58.20	106230	9.50
1983-09	1122980	1020160	58.40	102820	9.20
1983-10	1119260	1020390	58.40	98870	8.80
1983-11	1122280	1027290	58.70	94990	8.50
1983-12	1123270	1029960	58.80	93310	8.30
1984-01	1122090	1032010	58.80	90080	8.00
1984-02	1126150	1038240	59.10	87910	7.80
1984-03	1127130	1039670	59.10	87460	7.80
1984-04	1130980	1043360	59.30	87620	7.70
1984-05	1136490	1051930	59.70	84560	7.40
1984-06	1138170	1055910	59.90	82260	7.20
1984-07	1139720	1054350	59.80	85370	7.50
1984-08	1136820	1051630	59.60	85190	7.50
1984-09	1138570	1054900	59.70	83670	7.30
1984-10	1140190	1056380	59.70	83810	7.40
1984-11	1141700	1059720	59.80	81980	7.20
1984-12	1145810	1062230	59.90	83580	7.30
1985-01	1147250	1063020	59.90	84230	7.30
1985-02	1148760	1065550	60.00	83210	7.20
1985-03	1153280	1069890	60.20	83390	7.20
1985-04	1153310	1069360	60.10	83950	7.30
1985-05	1152340	1069320	60.10	83020	7.20
1985-06	1149650	1065050	59.80	84600	7.40
1985-07	1153200	1068070	59.90	85130	7.40
1985-08	1152910	1070950	60.00	81960	7.10
1985-09	1159050	1076570	60.30	82480	7.10
1985-10	1161450	1078470	60.30	82980	7.10
1985-11	1161350	1080070	60.40	81280	7.00
1985-12	1163540	1082160	60.40	81380	7.00
1986-01	1166820	1088870	60.60	77950	6.70
1986-02	1168820	1084800	60.30	84020	7.20
1986-03	1172200	1088370	60.50	83830	7.20
1986-04	1173160	1089520	60.50	83640	7.10
1986-05	1175280	1090890	60.50	84390	7.20
1986-06	1180840	1095760	60.70	85080	7.20
1986-07	1181290	1098100	60.80	83190	7.00
1986-08	1181500	1100150	60.80	81350	6.90
1986-09	1183950	1100850	60.80	83100	7.00
1986-10	1185160	1102730	60.90	82430	7.00
1986-11	1186340	1104750	60.90	81590	6.90
1986-12	1186110	1107280	61.00	78830	6.60
1987-01	1188450	1109530	61.00	78920	6.60
1987-02	1191220	1112570	61.10	78650	6.60
1987-03	1192700	1114080	61.20	78620	6.60
1987-04	1193360	1117940	61.30	75420	6.30
1987-05	1200080	1124340	61.60	75740	6.30
1987-06	1196440	1122460	61.40	73980	6.20
1987-07	1199020	1126340	61.60	72680	6.10
1987-08	1203180	1130570	61.80	72610	6.00
1987-09	1200110	1129090	61.60	71020	5.90
1987-10	1205090	1132820	61.80	72270	6.00
1987-11	1205400	1135050	61.90	70350	5.80
1987-12	1207290	1137930	62.00	69360	5.70
1988-01	1209690	1140160	62.00	69530	5.70
1988-02	1211560	1142270	62.10	69290	5.70
1988-03	1209130	1140370	61.90	68760	5.70
1988-04	1212510	1146500	62.20	66010	5.40
1988-05	1210710	1142920	62.00	67790	5.60
1988-06	1214730	1149270	62.30	65460	5.40
1988-07	1216650	1150600	62.30	66050	5.40
1988-08	1221250	1152820	62.40	68430	5.60
1988-09	1219600	1153560	62.40	66040	5.40
1988-10	1222060	1156380	62.50	65680	5.40
1988-11	1226370	1161000	62.70	65370	5.30
1988-12	1226220	1161040	62.60	65180	5.30
1989-01	1233900	1167080	62.90	66820	5.40
1989-02	1231350	1167760	62.90	63590	5.20
1989-03	1232270	1170220	62.90	62050	5.00
1989-04	1235650	1170970	62.90	64680	5.20
1989-05	1234740	1170990	62.90	63750	5.20
1989-06	1239950	1174180	63.00	65770	5.30
1989-07	1239670	1174720	63.00	64950	5.20
1989-08	1241660	1176550	63.10	65110	5.20
1989-09	1239440	1173540	62.80	65900	5.30
1989-10	1242110	1175810	62.90	66300	5.30
1989-11	1246370	1179120	63.00	67250	5.40
1989-12	1244970	1178300	63.00	66670	5.40
1990-01	1258330	1190810	63.20	67520	5.40
1990-02	1257100	1190590	63.20	66510	5.30
1990-03	1258010	1192030	63.20	65980	5.20
1990-04	1256490	1188520	63.00	67970	5.40
1990-05	1258930	1191510	63.10	67420	5.40
1990-06	1255730	1189830	62.90	65900	5.20
1990-07	1257320	1188100	62.80	69220	5.50
1990-08	1259900	1188020	62.70	71880	5.70
1990-09	1258920	1185240	62.50	73680	5.90
1990-10	1259950	1185360	62.50	74590	5.90
1990-11	1260700	1183060	62.30	77640	6.20
1990-12	1261420	1182410	62.20	79010	6.30
1991-01	1259550	1179400	62.00	80150	6.40
1991-02	1260200	1177550	61.90	82650	6.60
1991-03	1262380	1176520	61.80	85860	6.80
1991-04	1265480	1181090	62.00	84390	6.70
1991-05	1261760	1174400	61.60	87360	6.90
1991-06	1263310	1176390	61.70	86920	6.90
1991-07	1261540	1175680	61.60	85860	6.80
1991-08	1261500	1174840	61.50	86660	6.90
1991-09	1266500	1179280	61.60	87220	6.90
1991-10	1266420	1178000	61.50	88420	7.00
1991-11	1267010	1177700	61.40	89310	7.00
1991-12	1266640	1174660	61.20	91980	7.30
1992-01	1272610	1179780	61.50	92830	7.30
1992-02	1272070	1177530	61.30	94540	7.40
1992-03	1276040	1181440	61.50	94600	7.40
1992-04	1278410	1184260	61.60	94150	7.40
1992-05	1281190	1183750	61.50	97440	7.60
1992-06	1284590	1184190	61.50	100400	7.80
1992-07	1285630	1187130	61.60	98500	7.70
1992-08	1286130	1188260	61.60	97870	7.60
1992-09	1285010	1187200	61.40	97810	7.60
1992-10	1280260	1186280	61.30	93980	7.30
1992-11	1284410	1188760	61.40	95650	7.40
1992-12	1285540	1189970	61.40	95570	7.40
1993-01	1284000	1190750	61.40	93250	7.30
1993-02	1284580	1192750	61.40	91830	7.10
1993-03	1285980	1195420	61.50	90560	7.00
1993-04	1285840	1194740	61.50	91100	7.10
1993-05	1292640	1201150	61.70	91490	7.10
1993-06	1294110	1202900	61.80	91210	7.00
1993-07	1293970	1204670	61.80	89300	6.90
1993-08	1296190	1208560	62.00	87630	6.80
1993-09	1292680	1205540	61.70	87140	6.70
1993-10	1295730	1208230	61.80	87500	6.80
1993-11	1297110	1211690	61.90	85420	6.60
1993-12	1299410	1214640	62.00	84770	6.50
1994-01	1305960	1219660	62.20	86300	6.60
1994-02	1306690	1220860	62.30	85830	6.60
1994-03	1304000	1219300	62.10	84700	6.50
1994-04	1306210	1222900	62.30	83310	6.40
1994-05	1307790	1228640	62.50	79150	6.10
1994-06	1305610	1226340	62.30	79270	6.10
1994-07	1306520	1227060	62.30	79460	6.10
1994-08	1312750	1233420	62.60	79330	6.00
1994-09	1314210	1236870	62.70	77340	5.90
1994-10	1317440	1241120	62.90	76320	5.80
1994-11	1318910	1245160	63.00	73750	5.60
1994-12	1319510	1247210	63.10	72300	5.50
1995-01	1320380	1246630	63.00	73750	5.60
1995-02	1321150	1249280	63.10	71870	5.40
1995-03	1321080	1249550	63.10	71530	5.40
1995-04	1325900	1249450	63.10	76450	5.80
1995-05	1318510	1244210	62.70	74300	5.60
1995-06	1319490	1245220	62.70	74270	5.60
1995-07	1323430	1248160	62.80	75270	5.70
1995-08	1323360	1248520	62.80	74840	5.70
1995-09	1326110	1251330	62.90	74780	5.60
1995-10	1327160	1253880	62.90	73280	5.50
1995-11	1326140	1251880	62.80	74260	5.60
1995-12	1325110	1250880	62.70	74230	5.60
1996-01	1326160	1251250	62.70	74910	5.60
1996-02	1329520	1256390	62.90	73130	5.50
1996-03	1331800	1258620	63.00	73180	5.50
1996-04	1334090	1259940	63.00	74150	5.60
1996-05	1336670	1262440	63.00	74230	5.60
1996-06	1336970	1266020	63.20	70950	5.30
1996-07	1342840	1269470	63.30	73370	5.50
1996-08	1340540	1271720	63.30	68820	5.10
1996-09	1345150	1275360	63.40	69790	5.20
1996-10	1349210	1278900	63.50	70310	5.20
1996-11	1350070	1277710	63.40	72360	5.40
1996-12	1351130	1278600	63.40	72530	5.40
1997-01	1354560	1282980	63.40	71580	5.30
1997-02	1354000	1282980	63.40	71020	5.20
1997-03	1358910	1288910	63.60	70000	5.20
1997-04	1360160	1291430	63.70	68730	5.10
1997-05	1361190	1294640	63.80	66550	4.90
1997-06	1362110	1294120	63.70	67990	5.00
1997-07	1364770	1298220	63.90	66550	4.90
1997-08	1366180	1300100	63.90	66080	4.80
1997-09	1366750	1300190	63.90	66560	4.90
1997-10	1366330	1301790	63.90	64540	4.70
1997-11	1369610	1306530	64.10	63080	4.60
1997-12	1371550	1306790	64.00	64760	4.70
1998-01	1370950	1307260	64.00	63680	4.60
1998-02	1371120	1308070	64.00	63060	4.60
1998-03	1372360	1308140	64.00	64220	4.70
1998-04	1371500	1312090	64.10	59410	4.30
1998-05	1373720	1313250	64.10	60470	4.40
1998-06	1374550	1312440	64.00	62120	4.50
1998-07	1375880	1313290	64.00	62590	4.50
1998-08	1375700	1313900	63.90	61790	4.50
1998-09	1382860	1319860	64.20	63000	4.60
1998-10	1382790	1319990	64.10	62800	4.50
1998-11	1383810	1322800	64.20	61000	4.40
1998-12	1386340	1326020	64.30	60320	4.40
1999-01	1390030	1330270	64.40	59760	4.30
1999-02	1389670	1328560	64.20	61110	4.40
1999-03	1387300	1329470	64.20	57830	4.20
1999-04	1389590	1329550	64.20	60040	4.30
1999-05	1391070	1333110	64.30	57960	4.20
1999-06	1393290	1333780	64.20	59510	4.30
1999-07	1394390	1334140	64.20	60250	4.30
1999-08	1394300	1335910	64.20	58380	4.20
1999-09	1396220	1337070	64.20	59150	4.20
1999-10	1397710	1339930	64.30	57780	4.10
1999-11	1400250	1343090	64.40	57160	4.10
1999-12	1401770	1345230	64.40	56530	4.00
2000-01	1422670	1365590	64.60	57080	4.00
2000-02	1424560	1365980	64.60	58580	4.10
2000-03	1424340	1367010	64.60	57330	4.00
2000-04	1427510	1372700	64.70	54810	3.80
2000-05	1423880	1366300	64.40	57580	4.00
2000-06	1425910	1369400	64.50	56510	4.00
2000-07	1422780	1365310	64.20	57470	4.00
2000-08	1425140	1366620	64.20	58530	4.10
2000-09	1425180	1368930	64.20	56250	3.90
2000-10	1426220	1370880	64.20	55340	3.90
2000-11	1429620	1373220	64.30	56390	3.90
2000-12	1432480	1376140	64.40	56340	3.90
2001-01	1438000	1377780	64.40	60230	4.20
2001-02	1437010	1376120	64.30	60890	4.20
2001-03	1439240	1377830	64.30	61410	4.30
2001-04	1435690	1372990	64.00	62710	4.40
2001-05	1433180	1370920	63.80	62260	4.30
2001-06	1433570	1368730	63.70	64840	4.50
2001-07	1436540	1370710	63.70	65830	4.60
2001-08	1432840	1362410	63.20	70420	4.90
2001-09	1439890	1368460	63.50	71420	5.00
2001-10	1440860	1363920	63.20	76940	5.30
2001-11	1442400	1362380	63.00	80030	5.50
2001-12	1443050	1360470	62.90	82580	5.70
2002-01	1438830	1357010	62.70	81820	5.70
2002-02	1446530	1364380	63.00	82150	5.70
2002-03	1444810	1361770	62.80	83040	5.70
2002-04	1447250	1361260	62.70	85990	5.90
2002-05	1449380	1365390	62.90	83990	5.80
2002-06	1448080	1364150	62.70	83930	5.80
2002-07	1448030	1364130	62.70	83900	5.80
2002-08	1450090	1367050	62.70	83040	5.70
2002-09	1455520	1373020	63.00	82510	5.70
2002-10	1453140	1370080	62.70	83070	5.70
2002-11	1450410	1365210	62.50	85200	5.90
2002-12	1450660	1364260	62.40	86400	6.00
2003-01	1459370	1374170	62.50	85200	5.80
2003-02	1461000	1374820	62.50	86180	5.90
2003-03	1460220	1374340	62.40	85880	5.90
2003-04	1464740	1376330	62.40	88420	6.00
2003-05	1465000	1375440	62.30	89570	6.10
2003-06	1470560	1377900	62.30	92660	6.30
2003-07	1464850	1374740	62.10	90110	6.20
2003-08	1464450	1375490	62.10	88960	6.10
2003-09	1465300	1376090	62.00	89210	6.10
2003-10	1467160	1379840	62.10	87320	6.00
2003-11	1470000	1384240	62.30	85760	5.80
2003-12	1467290	1384110	62.20	83170	5.70
2004-01	1468420	1384720	62.30	83700	5.70
2004-02	1467090	1385420	62.30	81670	5.60
2004-03	1469440	1384530	62.20	84910	5.80
2004-04	1468500	1386800	62.30	81700	5.60
2004-05	1470650	1388520	62.30	82120	5.60
2004-06	1474600	1391740	62.40	82860	5.60
2004-07	1476920	1395560	62.50	81360	5.50
2004-08	1475640	1395730	62.40	79900	5.40
2004-09	1474150	1394870	62.30	79270	5.40
2004-10	1477930	1397320	62.30	80610	5.50
2004-11	1481620	1402310	62.50	79320	5.40
2004-12	1480590	1401250	62.40	79340	5.40
2005-01	1480290	1402450	62.40	77840	5.30
2005-02	1483640	1403850	62.40	79800	5.40
2005-03	1483910	1406540	62.40	77370	5.20
2005-04	1489260	1412540	62.70	76720	5.20
2005-05	1492610	1416090	62.80	76510	5.10
2005-06	1492380	1417140	62.70	75240	5.00
2005-07	1494320	1420260	62.80	74060	5.00
2005-08	1497790	1424340	62.90	73450	4.90
2005-09	1499540	1424010	62.80	75530	5.00
2005-10	1500010	1425480	62.80	74530	5.00
2005-11	1500650	1424990	62.70	75660	5.00
2005-12	1500300	1427520	62.80	72790	4.90
2006-01	1502140	1431500	62.90	70640	4.70
2006-02	1506410	1434570	63.00	71840	4.80
2006-03	1508130	1437410	63.10	70720	4.70
2006-04	1508810	1437610	63.00	71200	4.70
2006-05	1510690	1440890	63.10	69800	4.60
2006-06	1513540	1443530	63.10	70010	4.60
2006-07	1513770	1442020	63.00	71750	4.70
2006-08	1517160	1446250	63.10	70910	4.70
2006-09	1516620	1448150	63.10	68470	4.50
2006-10	1520410	1453140	63.30	67270	4.40
2006-11	1524060	1455340	63.30	68720	4.50
2006-12	1527320	1459700	63.40	67620	4.40
2007-01	1531440	1460280	63.30	71160	4.60
2007-02	1529830	1460570	63.30	69270	4.50
2007-03	1530510	1463200	63.30	67310	4.40
2007-04	1524350	1455860	63.00	68500	4.50
2007-05	1526700	1459030	63.00	67660	4.40
2007-06	1530410	1460630	63.00	69790	4.60
2007-07	1530540	1459050	62.90	71490	4.70
2007-08	1527490	1456820	62.70	70670	4.60
2007-09	1534140	1462440	62.90	71700	4.70
2007-10	1531830	1459460	62.70	72370	4.70
2007-11	1538350	1465950	62.90	72400	4.70
2007-12	1539180	1462730	62.70	76450	5.00
2008-01	1540630	1463780	62.90	76850	5.00
2008-02	1536530	1461560	62.80	74970	4.90
2008-03	1539080	1460860	62.70	78220	5.10
2008-04	1537690	1461320	62.70	76370	5.00
2008-05	1543030	1459080	62.50	83950	5.40
2008-06	1543130	1457370	62.40	85750	5.60
2008-07	1544690	1455320	62.20	89370	5.80
2008-08	1546410	1452030	62.00	94380	6.10
2008-09	1545700	1450760	61.90	94940	6.10
2008-10	1548760	1448020	61.70	100740	6.50
2008-11	1546390	1441000	61.40	105380	6.80
2008-12	1546550	1433690	61.00	112860	7.30
2009-01	1542100	1421520	60.60	120580	7.80
2009-02	1545380	1416400	60.30	128980	8.30
2009-03	1541330	1407070	59.90	134260	8.70
2009-04	1545090	1406560	59.80	138530	9.00
2009-05	1547470	1402480	59.60	144990	9.40
2009-06	1547160	1400090	59.40	147070	9.50
2009-07	1545020	1399010	59.30	146010	9.50
2009-08	1543070	1394920	59.10	148140	9.60
2009-09	1538270	1388180	58.70	150090	9.80
2009-10	1537840	1384320	58.50	153520	10.00
2009-11	1538780	1386590	58.60	152190	9.90
2009-12	1531110	1380130	58.30	150980	9.90
2010-01	1534040	1384510	58.50	149530	9.70
2010-02	1537200	1385990	58.50	151210	9.80
2010-03	1539640	1387520	58.50	152120	9.90
2010-04	1546420	1393090	58.70	153330	9.90
2010-05	1541060	1392470	58.60	148580	9.60
2010-06	1536310	1391480	58.50	144830	9.40
2010-07	1537060	1391790	58.50	145270	9.50
2010-08	1540870	1394270	58.60	146600	9.50
2010-09	1539710	1393930	58.50	145780	9.50
2010-10	1536310	1391110	58.30	145200	9.50
2010-11	1541270	1390300	58.20	150970	9.80
2010-12	1536390	1392660	58.30	143730	9.40
2011-01	1531980	1392870	58.40	139100	9.10
2011-02	1532800	1394220	58.40	138580	9.00
2011-03	1534030	1396550	58.40	137480	9.00
2011-04	1535660	1396220	58.40	139440	9.10
2011-05	1535260	1396530	58.40	138730	9.00
2011-06	1533790	1394090	58.20	139710	9.10
2011-07	1533090	1395240	58.20	137850	9.00
2011-08	1537240	1399040	58.30	138200	9.00
2011-09	1540590	1401540	58.40	139050	9.00
2011-10	1539400	1403350	58.40	136040	8.80
2011-11	1540720	1407470	58.50	133260	8.60
2011-12	1539270	1408360	58.50	130900	8.50
2012-01	1543280	1416770	58.50	126500	8.20
2012-02	1548260	1419430	58.50	128830	8.30
2012-03	1548110	1420790	58.60	127320	8.20
2012-04	1545650	1419630	58.50	126030	8.20
2012-05	1549460	1422570	58.60	126890	8.20
2012-06	1551340	1424320	58.60	127020	8.20
2012-07	1549700	1422720	58.50	126980	8.20
2012-08	1546690	1422040	58.40	124640	8.10
2012-09	1550180	1429470	58.60	120700	7.80
2012-10	1555070	1433690	58.80	121380	7.80
2012-11	1552790	1432330	58.70	120450	7.80
2012-12	1554850	1432120	58.60	122730	7.90
2013-01	1556990	1433840	58.60	123150	7.90
2013-02	1555110	1434640	58.60	120470	7.70
2013-03	1550990	1433930	58.50	117060	7.50
2013-04	1553590	1436760	58.60	116830	7.50
2013-05	1556090	1439190	58.70	116900	7.50
2013-06	1558220	1440750	58.70	117470	7.50
2013-07	1556930	1442850	58.70	114080	7.30
2013-08	1554350	1441790	58.60	112560	7.20
2013-09	1554730	1442700	58.60	112030	7.20
2013-10	1546250	1434850	58.20	111400	7.20
2013-11	1552840	1444430	58.60	108410	7.00
2013-12	1549370	1445860	58.60	103510	6.70
2014-01	1554600	1452240	58.80	102360	6.60
2014-02	1557240	1452660	58.80	104590	6.70
