Date	cenxmbal	cenxmgbal	cenxmsbal	totalm	totalx
1992-01	-2026	-6952	4926	52277	50251
1992-02	-831	-5593	4762	52513	51682
1992-03	-2641	-7355	4714	52935	50294
1992-04	-3109	-8284	5175	53411	50302
1992-05	-3919	-8720	4801	53963	50044
1992-06	-2824	-7538	4714	54551	51727
1992-07	-2781	-7433	4652	55313	52533
1992-08	-4455	-9317	4862	55395	50940
1992-09	-3530	-8451	4921	55515	51984
1992-10	-3520	-8354	4834	56556	53035
1992-11	-3968	-8714	4746	56214	52246
1992-12	-5603	-10185	4582	57446	51843
1993-01	-3871	-9001	5130	56439	52568
1993-02	-3596	-9167	5571	56076	52480
1993-03	-6777	-12064	5287	59813	53035
1993-04	-6445	-11674	5229	59584	53139
1993-05	-4369	-9682	5313	58598	54229
1993-06	-6929	-12187	5258	59275	52346
1993-07	-6382	-11681	5299	59200	52818
1993-08	-5581	-11020	5439	58805	53224
1993-09	-7031	-12080	5049	60679	53648
1993-10	-6594	-11775	5181	62069	55476
1993-11	-7016	-11447	4431	61361	54345
1993-12	-5719	-10673	4954	61271	55552
1994-01	-6207	-11043	4836	61365	55159
1994-02	-9245	-14038	4793	62974	53729
1994-03	-6466	-12390	5924	64772	58307
1994-04	-7887	-13408	5521	64323	56436
1994-05	-7728	-13301	5573	65070	57342
1994-06	-8380	-14241	5861	66831	58451
1994-07	-8739	-14633	5894	67230	58492
1994-08	-8303	-13960	5657	68710	60407
1994-09	-8310	-13801	5491	69026	60715
1994-10	-9158	-14788	5630	69019	59861
1994-11	-9615	-15643	6028	71147	61532
1994-12	-8456	-14586	6130	71281	62825
1995-01	-9324	-15562	6238	72442	63118
1995-02	-8817	-14487	5670	71894	63077
1995-03	-9708	-15547	5839	74057	64349
1995-04	-9609	-15901	6292	74682	65074
1995-05	-9090	-15420	6330	74845	65755
1995-06	-10623	-16068	5445	75478	64855
1995-07	-7688	-14448	6760	74247	66560
1995-08	-6704	-13515	6811	74173	67469
1995-09	-5924	-13187	7263	74867	68943
1995-10	-6114	-12861	6747	74219	68105
1995-11	-6514	-13597	7083	74523	68009
1995-12	-6271	-13577	7306	75342	69071
1996-01	-8465	-15007	6542	76764	68299
1996-02	-7319	-13764	6445	77217	69899
1996-03	-7756	-15122	7366	77553	69797
1996-04	-8744	-15597	6853	78870	70126
1996-05	-9259	-16668	7409	80288	71029
1996-06	-7460	-14944	7484	78516	71056
1996-07	-10132	-16397	6265	79536	69404
1996-08	-10357	-17097	6740	80919	70563
1996-09	-10195	-17018	6823	80748	70553
1996-10	-6635	-15070	8435	80404	73769
1996-11	-7268	-15814	8546	81531	74263
1996-12	-10475	-18502	8027	83317	72842
1997-01	-11269	-18455	7186	84179	72910
1997-02	-9776	-17036	7260	85001	75225
1997-03	-8383	-16048	7665	85433	77050
1997-04	-8086	-15778	7692	85855	77769
1997-05	-8394	-16248	7854	86277	77883
1997-06	-7154	-15021	7867	86043	78889
1997-07	-7033	-14718	7685	87132	80099
1997-08	-8743	-16505	7762	87365	78622
1997-09	-9269	-16597	7328	88556	79287
1997-10	-9089	-16820	7731	88472	79383
1997-11	-9786	-16854	7068	88086	78300
1997-12	-11289	-18350	7061	90327	79038
1998-01	-10776	-18016	7240	89784	79008
1998-02	-11564	-18302	6738	89495	77931
1998-03	-12880	-20288	7408	91692	78812
1998-04	-13940	-21488	7548	91566	77626
1998-05	-14202	-21493	7291	91349	77147
1998-06	-13247	-19957	6710	90208	76961
1998-07	-13949	-20316	6367	90098	76149
1998-08	-16028	-22389	6361	91540	75512
1998-09	-14820	-21096	6276	91999	77179
1998-10	-14815	-21414	6599	94166	79351
1998-11	-15173	-21752	6579	94290	79117
1998-12	-14745	-21709	6964	93127	78382
1999-01	-16157	-22397	6240	93992	77835
1999-02	-18900	-25177	6277	96336	77436
1999-03	-18250	-24464	6213	96494	78243
1999-04	-18650	-24574	5925	97366	78716
1999-05	-20730	-26721	5991	99512	78782
1999-06	-23716	-29778	6062	102786	79070
1999-07	-24134	-30180	6047	104153	80019
1999-08	-23662	-29698	6036	105170	81508
1999-09	-23489	-29718	6229	106207	82718
1999-10	-23874	-30226	6351	107284	83410
1999-11	-25617	-31846	6229	109903	84286
1999-12	-26578	-32595	6017	111561	84983
2000-01	-27471	-33379	5908	113027	85556
2000-02	-30395	-36231	5837	116450	86055
2000-03	-31664	-37343	5678	118941	87277
2000-04	-29098	-35687	6589	117740	88643
2000-05	-30042	-35898	5856	117847	87805
2000-06	-31241	-37279	6038	121790	90549
2000-07	-31820	-37540	5720	121873	90054
2000-08	-30303	-36049	5746	122361	92058
2000-09	-34269	-39199	4930	126250	91981
2000-10	-33770	-39532	5762	125100	91330
2000-11	-33158	-38864	5706	124371	91213
2000-12	-34106	-39940	5834	124366	90260
2001-01	-35155	-40759	5604	125433	90277
2001-02	-29383	-35310	5927	119665	90282
2001-03	-32628	-38545	5917	121342	88714
2001-04	-31367	-36110	4743	118356	86988
2001-05	-27809	-32637	4828	115291	87482
2001-06	-29436	-34837	5402	114700	85265
2001-07	-30103	-35185	5082	113070	82967
2001-08	-28278	-33403	5125	112008	83730
2001-09	-30899	-35353	4454	108185	77286
2001-10	-30771	-35102	4332	108885	78114
2001-11	-29672	-34020	4348	108111	78439
2001-12	-26836	-31250	4414	105015	78180
2002-01	-29374	-33842	4468	108340	78966
2002-02	-32142	-36261	4119	111052	78910
2002-03	-30816	-36147	5330	110429	79613
2002-04	-33591	-38697	5106	115091	81500
2002-05	-33985	-39263	5278	115667	81682
2002-06	-35103	-39729	4626	117809	82705
2002-07	-33980	-38745	4766	117105	83125
2002-08	-35929	-41191	5262	119413	83484
2002-09	-36596	-41231	4635	119489	82893
2002-10	-34721	-39543	4822	117287	82565
2002-11	-39010	-43854	4844	122757	83747
2002-12	-42918	-47339	4422	124604	81686
2003-01	-40617	-44725	4108	123119	82502
2003-02	-39112	-43493	4381	122299	83186
2003-03	-43215	-47124	3909	126159	82944
2003-04	-41957	-45705	3748	123468	81511
2003-05	-40725	-45150	4425	123050	82325
2003-06	-39607	-43940	4333	124416	84810
2003-07	-41024	-44988	3965	126544	85520
2003-08	-39404	-43662	4258	123813	84409
2003-09	-41262	-45668	4406	127661	86399
2003-10	-40756	-45435	4679	129388	88632
2003-11	-39300	-44099	4799	130298	90998
2003-12	-43569	-48283	4715	134268	90699
2004-01	-44160	-48969	4809	134385	90225
2004-02	-43902	-49140	5238	137837	93935
2004-03	-46101	-51665	5564	142573	96472
2004-04	-46865	-52311	5446	142754	95889
2004-05	-47792	-52694	4902	145179	97387
2004-06	-54428	-59078	4650	149421	94993
2004-07	-50941	-56246	5305	147635	96694
2004-08	-52827	-57078	4251	149975	97147
2004-09	-50953	-56041	5088	149496	98543
2004-10	-54539	-59707	5168	154578	100039
2004-11	-58325	-63640	5315	158154	99829
2004-12	-54067	-59795	5728	156638	102571
2005-01	-55321	-61315	5994	158306	102986
2005-02	-57167	-63573	6406	160974	103806
2005-03	-52343	-59069	6726	157095	104752
2005-04	-56749	-62733	5984	163780	107031
2005-05	-55786	-61792	6006	162338	106552
2005-06	-57734	-63704	5970	164387	106652
2005-07	-57481	-63445	5963	164459	106977
2005-08	-57760	-64031	6270	166122	108361
2005-09	-64123	-70631	6508	171289	107166
2005-10	-66384	-73283	6899	176018	109634
2005-11	-63326	-69929	6602	174185	110859
2005-12	-63738	-70628	6890	177220	113482
2006-01	-66507	-72989	6482	181594	115087
2006-02	-62000	-67616	5616	178141	116142
2006-03	-61481	-68143	6661	180356	118875
2006-04	-61909	-68834	6925	180884	118976
2006-05	-63983	-71410	7427	184904	120921
2006-06	-62815	-69854	7039	185261	122446
2006-07	-65927	-72811	6884	186112	120185
2006-08	-67235	-74338	7103	189904	122669
2006-09	-64214	-71404	7190	187988	123774
2006-10	-58085	-66081	7996	183831	125746
2006-11	-57543	-65924	8380	184971	127428
2006-12	-60699	-69386	8687	189243	128544
2007-01	-57173	-65898	8725	187106	129932
2007-02	-58273	-66501	8227	186381	128107
2007-03	-61682	-70766	9083	194506	132823
2007-04	-60043	-68793	8750	192316	132273
2007-05	-58904	-68021	9117	193947	135043
2007-06	-59298	-68865	9567	195751	136453
2007-07	-59205	-69331	10127	197138	137934
2007-08	-56238	-67196	10958	197044	140806
2007-09	-56941	-67848	10907	198568	141627
2007-10	-55883	-68431	12548	200418	144535
2007-11	-58942	-71872	12931	205116	146175
2007-12	-56483	-69220	12737	203635	147152
2008-01	-60304	-71792	11488	210533	150228
2008-02	-63517	-74253	10735	215938	152421
2008-03	-59512	-71054	11542	211439	151927
2008-04	-62999	-74439	11440	219346	156347
2008-05	-61683	-73986	12304	220051	158368
2008-06	-60431	-72405	11975	223747	163317
2008-07	-66260	-77755	11495	231880	165620
2008-08	-61415	-71669	10254	224449	163034
2008-09	-59948	-70579	10631	213589	153641
2008-10	-59769	-70253	10483	211110	151341
2008-11	-44243	-53702	9459	186320	142077
2008-12	-42220	-52069	9848	174233	132012
2009-01	-37568	-47242	9674	162824	125255
2009-02	-27540	-37417	9876	154894	127354
2009-03	-28966	-39035	10069	154956	125990
2009-04	-29385	-39626	10241	153665	124281
2009-05	-25291	-35687	10396	151179	125889
2009-06	-26451	-36932	10481	154907	128456
2009-07	-32972	-42910	9938	163284	130312
2009-08	-31352	-41878	10526	162248	130895
2009-09	-34411	-45356	10945	170055	135643
2009-10	-33949	-45415	11466	173519	139569
2009-11	-37405	-49141	11735	177945	140540
2009-12	-38368	-49912	11544	182369	144001
2010-01	-37228	-49037	11809	180850	143622
2010-02	-40969	-52065	11096	185644	144675
2010-03	-40077	-51842	11765	188723	148646
2010-04	-40935	-52586	11651	188265	147331
2010-05	-41355	-53672	12317	193313	151958
2010-06	-46860	-59062	12202	198278	151418
2010-07	-41223	-53552	12329	195753	154530
2010-08	-45480	-58113	12633	200800	155320
2010-09	-44571	-57596	13025	200620	156049
2010-10	-40665	-54111	13446	202241	161577
2010-11	-38514	-52452	13937	201680	163165
2010-12	-41503	-56068	14565	207680	166177
2011-01	-47795	-62466	14671	215874	168079
2011-02	-45213	-60187	14974	211849	166635
2011-03	-43377	-59042	15665	217719	174342
2011-04	-42125	-57581	15456	218074	175948
2011-05	-47442	-63093	15652	223595	176153
2011-06	-50984	-66997	16013	224164	173180
2011-07	-45461	-62002	16541	224926	179465
2011-08	-44674	-61422	16748	224591	179917
2011-09	-44553	-60464	15910	225725	181172
2011-10	-46083	-61510	15427	226630	180547
2011-11	-47783	-63003	15220	226050	178267
2011-12	-51349	-66372	15024	230467	179118
2012-01	-51393	-67134	15740	230871	179477
2012-02	-43763	-60966	17202	225827	182064
2012-03	-47790	-65504	17714	234295	186505
2012-04	-46625	-63689	17064	230892	184267
2012-05	-46247	-63386	17139	230464	184217
2012-06	-42430	-59412	16982	227648	185218
2012-07	-43451	-59464	16013	226826	183375
2012-08	-44007	-60619	16611	226078	182071
2012-09	-41570	-58897	17327	228400	186829
2012-10	-42650	-60360	17710	225304	182655
2012-11	-46422	-64862	18440	231641	185220
2012-12	-38307	-57182	18874	226994	188686
2013-01	-42139	-61216	19077	228928	186789
2013-02	-43257	-62130	18874	230137	186880
2013-03	-36562	-55352	18789	221321	184758
2013-04	-39374	-58341	18967	226682	187308
2013-05	-43661	-62868	19207	230571	186909
2013-06	-34414	-53769	19355	225469	191055
2013-07	-38900	-57903	19004	228652	189753
2013-08	-39207	-58091	18884	228842	189635
2013-09	-43434	-62407	18972	232685	189251
2013-10	-39770	-58781	19012	232882	193112
2013-11	-35171	-54362	19192	229815	194644
2013-12	-38975	-58689	19714	230265	191290
2014-01	-39280	-59501	20221	231740	192459
2014-02	-41874	-61344	19470	231837	189963
2014-03	-40378	-60748	20369	234288	193910
